762
901
511
316
193
721
394
453
321
414
772
184
481
256
356
506
854
381
318
112
476
273
775
502
199
159
435
358
484
886
945
593
678
710
254
555
574
927
379
244
874
696
584
657
464
865
166
413
320
12
594
935
213
747
67
103
461
631
416
53
804
403
308
56
628
194
528
450
437
402
873
411
540
432
132
607
100
11
725
624
274
119
961
573
562
625
491
660
277
138
590
102
885
369
951
196
451
65
952
497
300
939
911
280
325
641
76
101
818
799
215
384
72
129
319
143
210
779
575
465
655
236
149
483
249
668
237
989
798
736
792
286
539
819
859
896
571
324
576
52
674
49
548
735
644
561
877
519
836
417
272
889
78
434
242
27
265
310
74
288
160
146
353
924
650
156
560
200
966
675
64
490
902
823
871
581
441
35
109
888
509
701
568
508
712
977
427
604
948
4
114
822
205
609
730
327
60
186
270
746
815
246
547
626
113
204
777
322
145
632
134
375
439
846
69
62
615
676
858
357
878
135
48
645
243
155
333
984
488
585
248
89
805
612
707
756
744
784
681
752
841
745
217
174
359
1
371
337
28
341
485
230
743
253
525
788
586
820
94
179
914
699
985
536
614
824
157
827
687
611
372
843
290
740
163
287
328
482
588
407
165
8
929
731
141
867
428
323
840
866
331
837
79
136
92
183
329
795
734
82
949
133
209
279
829
87
910
894
700
152
908
790
23
987
642
627
807
234
800
429
178
515
767
916
978
864
467
499
647
773
856
460
170
881
664
168
33
424
656
462
595
591
963
729
190
698
32
422
311
921
239
388
556
705
447
861
363
771
198
964
154
717
579
116
844
883
110
425
903
510
811
40
842
663
218
546
749
487
185
216
257
147
470
980
339
282
869
907
21
923
446
537
57
301
95
383
285
845
167
139
130
813
58
821
968
918
620
3
531
890
297
906
54
817
227
603
36
673
263
440
373
524
158
753
613
711
648
42
750
507
296
551
662
828
306
988
433
672
633
975
965
803
639
955
597
880
192
492
51
794
915
834
214
505
601
195
665
831
99
312
759
225
406
385
431
920
473
267
456
489
892
252
454
925
212
532
739
931
219
26
970
919
6
493
71
930
893
714
50
666
377
352
774
522
366
173
151
695
521
412
197
751
801
206
583
349
830
738
404
956
38
683
120
658
900
554
449
123
284
973
108
992
232
592
652
523
564
368
967
783
395
361
786
250
240
421
47
401
659
922
362
947
111
68
144
789
207
833
223
926
97
766
514
684
222
544
503
241
850
426
86
466
994
468
618
787
500
262
317
382
814
332
629
748
640
330
832
127
260
83
550
448
104
501
723
727
693
63
478
905
996
765
616
148
796
228
343
688
760
661
974
868
671
993
598
61
43
781
778
720
315
303
469
59
19
567
17
986
942
860
570
171
84
304
838
882
653
534
438
606
293
651
876
475
276
231
667
345
580
737
105
690
391
526
872
875
340
458
572
18
444
291
226
971
839
367
342
793
360
20
566
504
211
106
912
741
418
392
443
542
816
958
80
486
295
220
535
703
599
520
55
474
768
346
393
960
85
785
471
928
409
400
44
541
797
637
479
702
477
764
191
518
0
849
950
649
128
802
314
891
582
944
164
410
761
513
259
558
335
187
445
495
442
848
153
459
758
677
770
344
283
782
726
255
559
543
386
545
351
350
494
682
355
107
600
670
436
298
932
380
45
709
131
14
203
654
913
527
180
638
370
365
96
39
636
972
557
118
979
221
957
587
857
733
808
347
936
423
742
946
694
376
247
716
691
389
390
7
73
806
533
937
307
281
981
538
619
338
685
275
999
81
10
264
602
117
953
189
93
24
496
305
962
941
278
724
757
13
396
713
704
142
162
405
512
998
635
378
181
399
294
776
419
938
397
689
172
895
810
826
201
697
769
313
258
334
5
364
387
863
150
516
719
732
835
763
995
855
455
621
692
70
91
336
289
115
122
728
245
15
884
679
943
708
755
887
251
812
202
161
25
754
862
990
176
722
959
238
268
430
233
354
809
780
718
271
9
452
578
348
596
617
898
669
208
175
569
565
292
643
182
374
577
261
622
982
847
309
229
991
235
589
457
686
188
125
269
897
517
398
41
415
22
30
706
326
563
969
623
529
605
299
498
934
2
75
976
552
954
31
791
34
870
549
997
126
630
302
121
472
98
66
899
646
553
940
224
610
408
634
851
169
879
825
983
463
715
480
37
124
680
16
90
266
909
137
177
46
29
420
933
77
608
852
88
904
140
530
917
853
