7009
8820
5888
2711
4248
2182
9543
9019
2615
6593
6578
1647
9061
4200
6213
8640
8369
2920
6595
3205
5418
9252
2847
7196
9984
8344
8503
1302
9461
1872
978
3026
8323
5959
5460
2822
2407
6488
6731
9085
6560
7832
4559
9015
2091
8268
7750
1360
834
3190
5276
9669
6254
863
6448
9613
1018
3704
6553
2320
6406
2373
209
3764
5910
5252
550
4378
9434
7739
9245
6144
5603
2612
6641
8402
7
9629
1222
3656
6715
817
2635
560
3748
2081
8542
9908
2804
6616
5466
6860
658
8282
4650
7045
6014
1814
4918
4438
4175
1306
5385
5876
4398
9781
5511
2994
5071
4649
3663
9078
4047
5577
1624
7877
371
4932
2034
7321
4497
434
3691
8466
6059
4536
4411
3242
9749
1166
1727
842
3711
2531
8356
4485
7190
2854
5023
829
9730
1002
5908
9894
9322
9666
4060
6269
3865
758
855
6126
120
258
4468
3376
4511
2735
3558
8292
208
7139
1811
3532
5437
6107
6123
6486
1568
5838
8044
9795
4424
9879
7897
6225
9320
4118
4654
1290
4243
8223
754
4532
7730
163
5435
9639
2864
8875
7966
1341
9698
1124
6979
7398
2231
8609
8362
1972
3422
667
3743
7136
6588
5014
4837
4494
5786
3964
6058
4850
144
5306
8473
7837
2145
4785
5618
5068
5510
9912
1159
3345
8129
7918
4580
7533
316
4958
2493
6033
2987
2784
1079
8003
789
7234
4887
8916
2678
4801
7635
3073
7628
7309
59
2894
4960
5450
321
2042
6105
3593
6993
7665
4189
1489
6253
4342
1167
5354
7896
1880
1981
1090
3520
7411
594
9618
835
601
8945
3746
6278
1177
2498
5616
8093
2544
4426
2308
297
4927
110
1938
6011
7333
4542
1785
5145
2387
8925
6926
7082
4058
6241
5378
5695
9985
1961
8707
5572
9497
907
6354
5855
4985
9924
2575
5623
4578
3037
7274
2852
8685
678
3075
6901
5446
1362
7442
5176
8266
5597
7553
5024
8295
1589
4177
5169
2630
972
8218
9449
4990
7120
9159
1270
6380
791
5003
2152
1791
1672
7169
6430
8368
2397
2573
5374
3778
4353
2435
3548
3600
1369
6192
5412
8485
8939
766
5831
6375
4474
7914
9081
1344
9
5683
7244
8426
8790
219
5803
3924
6400
5398
7174
8036
145
8923
3453
7373
6739
6223
2306
4059
739
8767
1815
9880
3610
8692
1346
1984
6510
9472
194
1512
8366
6043
561
5630
9358
1333
2163
1597
9679
8673
8729
9734
3719
6861
9050
1500
8779
3780
1399
4231
245
4129
2405
4814
6781
5579
1631
8615
7921
5411
5660
9115
3476
5951
1228
6283
8335
3084
2654
8219
9236
887
7682
1918
3276
1511
1724
4377
4500
1491
5266
246
5551
7496
8660
9814
9125
9468
9079
1590
6279
1474
5987
4621
7816
4337
2045
7781
5369
3373
5650
1096
2235
7732
8780
662
7912
2956
8394
8658
6805
3067
9823
4570
1459
3870
4830
9431
8477
3294
7050
1432
5878
468
3893
6006
2588
780
2103
4904
9767
4521
6166
3968
3821
4292
7906
6663
7507
7367
8416
6956
9487
1565
8940
6330
5546
3096
2793
5090
1482
2464
1551
1116
8599
5387
7352
5130
2165
9044
8960
973
4197
9091
7164
3107
5585
324
6245
213
8720
595
1605
5924
4741
2341
5864
4455
3438
727
2919
6608
4843
4081
3169
8510
8777
628
828
2008
1602
886
1793
1266
530
3365
5680
2018
6000
5371
2761
5874
4667
3390
6024
6681
5010
2130
2232
9627
1363
5641
6379
399
7366
228
9178
4723
5847
6830
9593
8644
9956
952
1330
5518
9674
5673
5593
9527
8138
4249
372
1043
9203
5637
3015
4350
6659
449
3003
1533
2802
6914
8224
8234
7008
5524
5870
4779
7876
6077
8130
8562
4623
4319
8770
625
9598
5884
1141
3020
6571
635
9545
94
2267
57
2974
5640
5356
3185
9403
9610
2454
6984
5127
3686
5909
1148
516
1256
2751
8404
4715
426
4625
3238
9818
5301
398
3212
3803
8432
2623
441
6361
3937
5111
1696
9110
7275
5771
4829
8098
2540
8306
310
7675
8746
4033
8305
2714
1789
9899
198
5859
2402
9997
1483
3321
9919
7722
1603
8911
9738
7998
904
5262
2565
3882
4535
2200
4610
4913
5396
5281
8652
8654
29
6730
2485
1591
7498
8017
3917
7299
4677
7964
8941
7350
9266
7571
7519
9250
6520
4375
7941
2882
6746
5439
8148
2041
4130
5417
4571
9228
5992
665
7083
1319
1104
1708
3864
5783
1086
7472
1300
2225
5972
3338
6037
5978
7101
8555
4666
865
2739
1304
8084
2859
1487
9651
8864
9279
9048
4555
3104
767
9549
8170
1048
4106
4470
8992
9140
9936
9498
5061
5255
2430
4410
4517
6432
11
23
4607
1929
9975
3210
9264
3117
9307
6845
527
1328
2406
3887
1094
1175
104
5949
5520
608
2090
567
1905
8918
6007
364
259
1635
9994
2806
2476
4276
844
2511
5501
4777
3995
1670
4001
6326
8617
2066
2922
8975
2656
9501
6671
7263
7318
4004
5414
6045
1448
3251
2665
4540
1873
3277
4067
6034
6809
2458
3255
5613
6204
2522
7413
54
2371
2275
910
4577
3056
1366
1669
8124
8711
8714
3537
450
1639
731
9323
1593
8534
1860
5355
9665
7790
7640
1425
5985
5464
5631
893
1931
3667
3524
2923
6289
3878
7954
8981
8543
1823
5376
2875
2672
7991
3869
1291
1901
4114
5525
9292
6859
7853
9180
882
4096
3121
4113
9333
9325
8092
4859
5420
2215
3666
7544
543
2392
5367
8937
5561
2096
5394
9647
3046
7944
8376
1264
20
5475
5359
554
8253
3765
3519
1435
5337
8611
7674
6356
481
2051
5960
7678
7141
6455
8330
6853
2351
1382
5380
4729
572
8302
9750
1027
4628
7016
783
5850
1688
4970
2850
2409
847
6236
8526
9557
3147
7843
8618
7063
5421
876
8438
283
3281
2959
1099
1131
444
3433
3583
7677
480
1523
6369
5059
6718
3047
5052
8700
255
9641
5981
7482
5153
475
7216
2785
214
2799
8349
9516
21
4760
4409
8587
7972
1060
4320
5114
492
9514
8858
3941
378
5326
5118
2301
8717
7693
8513
5085
5591
3380
5451
4307
4820
384
2626
5469
4117
7410
5749
5900
1218
5047
8495
5506
3629
4054
118
7725
1022
2227
7706
7539
6981
8267
1982
299
4280
9479
7829
5494
2506
1404
9280
7285
701
7156
5538
2169
3457
3269
2086
4989
1189
6065
8867
3044
2896
4330
7480
2115
6904
6442
5424
7317
3986
6163
6229
2281
7176
5122
5490
508
4831
6258
1835
7639
1818
8024
4388
3794
6935
8063
5180
6722
900
9263
9655
7449
2237
2722
5944
1995
5769
5351
8103
1503
2073
4606
654
210
3502
4514
5295
5653
5760
3694
2072
8484
9564
4614
189
8285
240
6100
7584
6499
5829
7840
9080
2571
5502
7617
5818
2310
7180
4036
5395
753
4546
9668
9948
1556
2184
3382
4278
7389
8174
1550
6658
6680
6414
3916
5578
688
153
4991
1821
7724
2942
1861
9870
8716
5495
9275
1609
5192
4486
6864
3217
9856
4317
1535
7408
9584
2905
1183
9600
8062
9429
7071
3851
7114
3547
1112
6074
4440
3004
2866
2570
1710
2938
9972
83
6450
8809
1871
8512
6463
9210
8467
1012
1738
2551
1450
2080
4809
9970
2976
455
5407
917
6483
7704
6136
6496
9928
303
7331
6842
4928
9809
7715
8479
9316
3266
8846
9147
3842
327
4770
5954
2400
3406
80
6954
4390
3417
4282
4669
3335
4691
9450
650
9955
6397
1707
7756
4886
8274
5986
8436
8064
457
923
1801
742
6056
8547
6085
2653
1113
5088
3862
7027
2846
3536
8814
4840
7287
2650
7545
7364
2642
7140
1692
1401
8401
3201
5787
1994
7822
6335
1252
4134
6786
3954
2033
3330
2087
3299
332
5080
2909
3785
6596
2832
7051
5479
3632
4869
6464
9001
1049
751
6790
5332
4605
4226
2930
4912
5375
8276
5434
8027
1786
443
9141
3612
2238
7783
3833
7044
6365
790
1092
8997
6042
7768
1934
8965
3976
4893
2297
3326
4400
8000
4943
3253
1966
4050
5521
9898
8889
6309
671
721
9321
7839
7716
2917
64
9172
1396
6847
9774
6834
3858
7313
8798
9897
9742
6313
937
6336
8850
4876
8221
440
977
9673
4487
730
599
8553
319
79
9182
5030
7261
5368
3152
7229
9996
56
9351
2578
6795
4827
9683
5243
3415
3319
7804
9209
363
2979
4144
7708
6955
5410
2039
4467
6473
8265
7062
5089
6569
7055
3584
7604
8955
9705
7600
8515
8985
2725
9583
3036
5718
585
775
4324
4234
6168
8311
6638
9126
7886
5236
7967
1997
4181
7803
7369
1109
976
4940
3029
2736
9983
2477
4601
1462
9688
6386
7241
1896
3998
5778
6707
5705
5
7861
5848
7971
5508
2667
2798
3894
5383
5443
2646
1638
7383
1130
8008
2899
8668
1856
7664
1030
514
9706
6787
242
9532
6655
7020
2583
4461
9876
5053
179
5982
1068
4026
4609
2965
1998
6532
5913
2887
7018
5498
7142
8352
916
9653
6373
5822
9575
2968
9400
967
8926
8480
3565
3225
7626
9283
61
9184
4692
5372
6523
8933
3811
3896
3298
466
2377
1040
3410
6086
3638
3938
7439
8884
5999
4489
6719
4686
2501
1486
4458
6939
8449
165
5231
2918
2451
6285
4957
2015
5724
5903
4101
9782
4205
4387
2089
177
8799
6235
6557
9544
8625
8827
7648
1388
2437
6687
6982
7541
9357
390
8164
464
3512
3826
2230
1653
9632
6082
1575
1335
4772
8672
7549
9569
1392
4450
2017
9220
7214
6983
1467
9913
2473
9188
46
4948
9967
9839
2823
2221
8332
2518
8261
5665
9555
878
7513
2666
2557
1933
3081
1985
4844
6856
562
4040
2599
5365
3773
5350
1400
5156
6280
225
7938
2399
5557
1463
2989
5599
4946
7137
3754
3933
9190
1661
6576
3119
8047
7034
3045
2629
787
7891
7747
1825
7387
5857
5858
3531
1725
5753
2467
9939
5353
5615
7736
8723
4271
7015
7282
387
4028
7033
2011
1188
1494
7758
5685
2224
7431
1739
9560
7311
6194
2990
381
2548
1740
3273
3231
3653
150
2717
3280
3899
289
9157
4526
9254
5485
8734
9854
1251
1220
6185
7416
3605
9335
3737
9563
4215
1884
284
4052
7005
8662
3649
9166
3484
9024
8475
4545
7119
6270
8639
3615
6031
1578
6243
9065
5103
764
1906
286
6609
3069
7266
9161
7400
4619
4769
8158
4466
7463
2734
9059
7302
4959
3720
1286
9855
5651
2567
6237
8264
5842
8905
7100
1211
8656
640
2625
8364
2490
3771
4872
6654
4290
5522
7905
6613
9860
2510
49
5366
8756
6832
2683
2459
8754
621
2211
1386
9721
610
5191
6867
2439
7486
2040
3340
2205
4861
3348
9914
6004
6438
6402
1140
3505
763
5731
2792
6120
9492
2944
2095
3200
961
4787
6221
4269
1372
435
1737
677
3930
1522
2226
6172
9237
3514
1502
1822
6656
5426
4016
4478
9724
1353
8187
4567
6190
1508
7673
1349
8409
8178
6472
3889
3356
6470
5720
6618
9261
9979
7269
4434
5237
3863
8972
8066
700
8014
8811
5303
8600
1585
6961
1054
6846
1980
4655
5419
5135
7868
706
852
6277
5076
3813
8193
4561
2889
6268
3835
5259
1892
578
6843
8126
311
9604
1227
5997
9392
5691
8320
4796
3219
4481
6096
9815
6101
4856
2127
346
4218
9878
4244
7743
9849
5592
3295
8838
8075
3625
5013
9916
3300
2550
5250
7858
31
1168
4435
1307
9343
6822
9953
563
1837
4976
5455
2462
9486
2155
8150
7200
6749
8984
3535
7882
5195
915
1804
985
8641
4860
8048
8643
9680
9518
5032
8857
1209
5272
7683
2766
2703
6242
500
1752
5228
9247
6462
1689
9923
6217
6349
5373
1816
1594
223
6526
6057
9040
4472
7357
4800
2985
3804
4935
5146
6234
781
7115
9042
8522
8629
3358
1260
898
4709
2428
5788
5142
9289
9162
3797
6987
7659
3256
9456
8693
3149
1574
3944
6250
8262
7636
6572
2825
1417
5079
8845
4002
8343
5814
9070
6003
433
9932
8956
18
3204
1812
231
9671
609
6620
4962
2202
8612
5862
812
2038
6411
8125
7459
8498
2848
8280
7791
8529
4642
8159
3097
193
1833
5095
7305
3685
2107
1190
8661
4347
4068
2453
6169
2708
7133
7401
5482
9889
5932
8551
8899
2326
5081
4689
1709
4576
8208
1080
8606
7064
5185
1014
1930
960
10
8313
2433
8919
7847
3661
7782
6610
4713
336
3728
6902
4583
1142
4444
7540
9118
7854
860
1564
5515
4301
2361
5793
4795
6097
9338
4041
3779
1247
6815
9831
9760
9260
8383
3902
1572
1151
4277
3722
3270
6256
5712
5208
9758
5112
7452
2348
3322
2940
3783
7225
5996
8785
3997
3675
8038
3396
6934
9810
306
3320
3155
711
7784
2315
8839
1212
1560
3808
1546
1566
7835
2913
8949
7780
1169
3469
3852
1091
9373
4889
4618
8483
8350
1667
3019
3473
769
3284
6702
1075
9872
9596
4305
407
2886
220
9644
723
3569
9864
8419
5676
1890
1902
6314
7767
8619
32
6758
4302
9484
5109
1800
1150
9861
2013
3844
9614
9463
2133
8324
1541
6823
2248
3777
3268
1954
4743
3466
4790
1420
3195
404
9765
6451
8231
5564
2252
999
6311
4025
5138
8149
2222
9319
1336
1191
683
4863
8967
1742
3658
8172
3596
1005
7252
8999
4813
8004
277
8110
4066
5148
3186
3407
4406
2737
6199
2662
6075
3974
5656
4910
1783
4930
1759
7719
4092
7642
6854
9271
571
8431
8977
5528
4111
8694
7634
7976
1882
2426
9881
2143
7752
2820
9355
2619
8575
7650
415
6992
9122
712
8367
3100
4203
4420
5768
9187
5110
6645
9233
6745
7337
2776
4693
3501
9200
5729
9835
6044
7875
7515
5851
8722
9525
9802
8406
4909
4151
6352
6591
9036
9508
5606
7713
3688
3403
6938
359
6797
151
3645
6566
6829
8168
1
3068
5336
5611
8095
5225
8552
3846
6686
1743
1745
6312
98
1468
349
2745
9175
2176
8204
6879
7786
8757
1348
4393
2242
6460
7105
5444
3683
4964
8051
4694
7289
484
3628
3853
4530
4851
3237
8877
8708
1240
9259
2973
285
1577
6606
3768
2772
6385
504
9963
9656
3539
8855
6422
799
1703
2916
3672
5549
4124
9154
5764
823
4152
7080
5025
5083
7368
2634
1028
9617
3868
5349
1472
9692
7445
8675
9589
5413
6874
5967
7773
5108
3131
929
5129
697
5710
9541
8559
1534
5946
3544
3487
2425
8450
6376
7698
2099
5310
9605
7278
4998
2559
42
1479
5529
5325
6301
7026
8873
9447
3283
9039
1766
9811
5404
1320
3714
7718
6582
7849
5602
8028
9788
980
5643
9989
3751
7448
870
4108
5707
3928
6629
9173
1082
1436
3493
2878
5265
8604
188
6179
6505
7923
1098
2001
5732
6565
939
3767
9207
7224
1798
1600
8157
1056
3855
9251
9405
6317
7543
4358
3120
90
9789
8240
2914
3479
9231
3164
5230
6141
9891
15
1100
7277
5962
5632
1207
5474
1777
5776
9606
3189
7821
7491
2728
2010
3740
4397
4079
7260
8620
3168
6675
1236
1379
5620
7286
5093
6517
8371
4437
4084
9675
7993
9797
1957
2821
2412
7025
602
4265
747
981
8569
1440
6207
2488
6611
7178
8111
8831
2747
1958
3730
4627
2775
3014
3589
6882
1870
6612
1243
9582
2046
4212
6863
5058
8456
7199
1530
4403
3657
6697
9421
1261
2481
408
5728
6602
4389
5257
1445
5688
8046
9205
6913
9529
6898
2244
6703
2997
4818
1618
2890
8771
3062
3614
7122
544
9174
3738
8954
7940
966
7041
3267
7388
191
4971
8812
156
1990
9171
8932
862
5399
8327
3831
5097
6648
1438
6689
6755
4719
1658
4903
4568
6491
8310
7810
77
2873
3118
7652
3446
4430
4095
8411
785
627
4950
5701
8690
3620
5929
4381
1375
8337
861
9794
2170
9123
9018
8056
8731
6441
8427
1979
6139
3115
3386
7957
7270
7146
7293
5319
7490
3451
1267
1650
3611
5703
2183
309
205
9585
4427
959
1405
5330
660
6228
2695
9796
8766
4963
7592
7492
4925
216
4815
4707
2257
8876
2649
7510
7341
8747
7884
3218
4892
2970
8970
2881
6436
4702
875
2880
3872
8037
1969
3362
8613
7589
3617
7396
4422
1216
7091
2206
1691
3111
7885
6214
6363
1254
4087
373
5210
9567
6550
377
2516
6636
6066
1680
313
5075
9628
9851
8969
3901
4901
9684
4599
6819
8222
6184
8591
8577
4035
8165
5887
2593
9961
4659
360
687
9273
2861
4525
4593
4705
1437
925
4195
7587
2660
6147
9226
9084
1225
8794
4802
4726
8597
3900
6090
6504
2121
534
7467
8778
6124
3127
7104
3763
8784
3774
741
4391
8020
4355
1865
663
1956
2395
5137
6592
5853
8083
9687
8080
5041
642
1367
3109
7086
9995
9416
4286
8488
1765
9257
1181
5570
1971
4584
850
2327
5441
551
394
822
7984
7485
2050
1317
3285
5315
5140
9731
2542
4929
6803
7259
6868
93
676
9055
5202
5405
4977
505
178
2217
7748
7424
3102
1051
6574
236
1633
5820
3133
7831
3301
5040
3820
2118
7235
8942
7307
4121
3824
2278
352
3304
4879
3735
5363
92
1312
5587
8181
2318
8359
8920
1394
5513
1859
2083
3577
1519
2648
4174
6415
6138
1127
1663
963
4688
4495
9904
2689
6315
2168
9630
4895
8357
1925
7871
5517
6527
4264
9473
6021
2307
9535
3463
3381
9681
1543
5164
3366
5809
9660
792
137
8418
6538
4019
9090
6522
2445
593
8121
2721
3000
1492
854
4569
1806
9324
2059
5556
1693
2718
8514
4995
5499
9302
2841
7342
9657
7215
3860
2189
3125
2934
5430
3570
7014
6909
2500
1797
4020
2777
6647
5748
7535
4807
3692
5785
380
9689
2005
1843
6998
1327
944
1162
2186
5163
6946
7922
9982
1200
1651
3124
8676
4126
3039
6142
81
9921
4288
8286
555
9808
5298
7110
9426
4624
7418
8743
6561
5456
5971
7819
6183
523
3342
7950
4279
4556
3178
5607
6196
5877
3163
2813
7316
6583
695
6208
488
8813
7377
8630
4634
7603
6387
2440
2466
9258
2713
6563
2470
3892
708
4287
8481
918
3391
2535
4361
7585
3830
7394
3733
6281
8983
7624
9165
386
653
777
6551
9491
7567
5151
3915
1164
5744
2492
4590
841
4697
6661
6216
8653
9992
4597
1677
5747
938
3815
1781
8863
7265
2465
1361
5241
95
5244
8397
782
7291
7308
5481
9515
350
919
9265
2524
3574
6601
1829
356
1792
5001
3402
4587
6811
5795
9204
8674
5889
1314
9022
7499
589
3350
7363
6353
3141
9987
7811
9591
8677
3618
3222
7935
6788
2366
6175
8412
4107
8738
2292
8476
9428
5070
9317
1883
4524
5117
6393
4839
2986
7443
4123
4039
2077
7147
9523
9828
3437
2441
9212
5487
4428
686
6360
7036
2587
7755
9378
1895
1848
6367
1741
2100
7903
7283
1010
9717
1986
1026
7256
4418
3822
2333
7643
4321
9892
6917
4767
4464
1824
8188
9833
9380
8567
9918
606
7805
5629
7690
4968
565
9464
3874
8891
9685
8713
53
2836
2620
6487
9631
6989
302
6599
4934
1671
1145
2892
7505
1334
1461
2378
7353
8387
9407
9406
6980
913
5861
9755
5307
3557
1748
7420
1101
1419
2472
559
2622
2928
1907
4493
2196
4204
4021
1587
3408
2093
3919
5078
5311
3002
1845
6410
1964
6347
1134
5968
9312
2767
5223
1761
502
1784
2312
139
8329
2416
7268
5669
4515
7951
2952
9348
5519
5661
2950
3903
8581
1993
5739
2289
1924
5664
4449
5019
3979
6178
3159
906
5496
7067
186
2181
3560
733
9388
851
2924
4439
7022
5589
9792
9009
4668
3947
9469
8081
7040
7271
8033
7595
9634
8971
1223
5830
4714
1198
8039
3567
3546
6711
7684
1965
7579
7928
422
1732
4369
9726
7500
2826
1722
4386
1066
4049
8259
8533
4281
6806
6305
8657
2791
6776
7384
8634
2110
7548
7927
509
2527
5329
9206
2220
7475
8924
7554
7276
2442
3221
1529
3313
3031
652
1053
4157
5447
9276
8886
1720
9896
2872
9883
4825
7949
2697
6552
2254
406
495
116
9547
3371
1750
3425
9719
946
60
1217
8198
6757
1612
131
8915
6604
2811
5340
7191
6025
7807
4780
5334
8539
2403
4311
4750
6631
9401
4810
3866
7578
9158
9586
4192
9826
5817
2742
4105
6674
6524
7530
497
4539
9745
4518
424
7656
4240
7959
6492
2614
7257
4222
1779
9875
6337
871
716
3967
1249
2947
5038
323
6206
3523
6471
1447
5021
6307
5440
1460
9965
5816
9790
9917
4637
168
0
7787
4176
8901
7562
4842
5879
3498
5810
6766
5000
4884
2741
8006
5612
545
272
8211
5938
6652
9909
580
8854
537
5240
5316
2068
1983
8914
3405
4263
6883
5308
4336
3664
8487
5779
429
8396
8414
2375
5923
7586
127
7053
6257
7455
5179
4858
3139
3946
3805
4552
7649
8370
383
3823
9410
3477
8133
9732
568
5754
1885
8578
8765
4672
4417
2106
1542
6238
1757
2598
4103
66
6265
3613
2201
474
2075
7185
7144
9063
4938
5457
1645
9225
8355
5693
2188
1059
2016
6792
8232
9830
699
3680
540
9208
44
6820
839
3234
9440
7288
8245
4582
4720
6782
7089
3576
3058
4119
9737
4183
2504
6531
4198
4722
4171
1715
5273
9215
5880
2554
724
1257
7687
301
1331
5871
5172
8065
6721
694
9430
5222
4457
805
6885
4608
5765
9871
483
143
8808
7534
3799
5391
8608
1899
7745
1514
1510
2685
1451
4362
6440
5881
6478
6615
4704
705
7503
7399
5912
5531
3744
6016
9907
2977
2422
9385
204
9635
2702
9495
5453
6878
5808
901
1920
296
4000
762
1675
2988
3226
9842
2752
2545
8702
3257
2692
3085
9130
335
5342
9029
9396
1876
1813
129
3802
6760
6889
7808
3516
4448
125
5504
6918
8117
9701
2117
3455
1280
6154
5302
69
3144
4664
5171
3052
5160
8398
5895
7694
6657
1293
6670
171
7860
7428
7960
1501
403
6801
9741
7823
6467
1303
3384
9047
2251
9179
7863
3707
6319
5568
2207
692
1272
1029
6735
5009
172
9791
6558
8386
4923
7414
7720
5006
6944
8012
8152
1948
4853
8030
2092
7633
2834
1277
596
3981
3488
889
1952
7068
756
4229
3507
3490
4125
5189
9986
7865
9287
8086
6413
6403
4945
7564
9133
9359
5619
836
8650
263
990
4072
9290
6040
6567
2195
3481
8238
8744
6468
6054
8592
4933
3636
4149
5689
9360
8345
9037
4782
4832
7019
37
4631
2499
5104
4014
7433
9444
631
232
7771
9077
5815
613
4044
3503
4480
5854
5074
3244
5875
4384
3061
7703
1698
8210
3965
9595
8331
8189
1723
8384
252
5757
6772
8288
9011
587
84
6827
8998
6650
261
866
2543
2335
9728
1702
8540
4565
1649
3840
9981
8155
3521
1915
9708
6893
2021
745
8195
7680
7487
4643
8669
159
8882
8530
1139
9305
2345
1326
9116
7566
2659
6
6726
409
3510
281
3199
2592
8596
9419
1776
1359
2025
979
933
3551
1830
3581
8988
680
5845
984
7097
1588
6282
6146
9573
1654
5975
9863
7509
8929
4557
9089
8191
4083
4184
3066
9941
6249
9494
3307
9332
5711
7591
4223
158
3599
2673
7017
7806
3339
439
1573
6630
4180
8544
8022
5639
82
9664
9890
3086
5634
6248
4791
9868
1088
5201
8354
7065
3351
3355
8508
7390
3854
1863
8061
8263
1914
7729
2674
4178
2460
8380
6038
348
8184
9503
1682
2840
5248
6555
6382
8287
3731
7965
3215
3448
8741
2098
7477
778
1608
8563
7962
1194
9439
4865
1078
5750
7892
5636
4186
3418
4169
26
7909
4089
5940
897
2790
5828
7749
70
6091
5735
8564
7166
8009
7106
1796
8474
7381
9345
1442
7391
1064
2147
155
5503
5299
4323
4109
2963
4202
1351
2691
4917
4835
4656
5173
3332
5403
1747
3076
4846
1192
5458
1115
6692
564
8928
5988
8011
6466
4441
3837
2249
759
8492
8764
894
8953
6910
1827
528
4363
2937
3693
9658
3005
1071
6355
5709
9072
954
6693
5891
2874
8301
5235
355
241
2461
3008
146
750
1055
2664
6291
3128
3603
3194
8378
922
831
5958
3360
3533
1652
6345
5401
1206
2314
48
2723
6177
3696
8463
6888
8974
797
2908
2085
3325
6876
9714
3907
3171
7237
8561
6556
4710
7770
239
2058
176
5953
6239
1412
119
3904
2175
5227
4012
6779
5323
6372
6113
821
8719
5798
3710
2355
3703
2853
9536
4188
8025
6969
1110
1229
6131
6685
803
8733
5767
6773
2339
3622
6476
7622
3607
334
160
6418
7551
5002
8021
6220
5796
40
7700
8963
6015
3327
8832
1178
6988
3850
3323
9137
7095
930
6421
3652
3272
9945
1928
8805
2993
6741
3392
6122
3175
556
1772
2851
7977
6322
7294
4498
7900
7651
8360
8626
518
2552
1185
6818
6288
8710
8595
3845
2954
6723
1666
6771
8917
9858
2515
9877
5868
1579
5543
5558
33
3138
6266
5583
5567
7393
1313
4732
4251
2517
1385
1215
3030
1755
2710
2530
62
9466
6392
6480
4585
183
5952
2120
638
2830
4951
7866
3259
541
2712
6049
9601
8140
4883
4931
7404
9454
3471
4275
3723
9086
1571
4421
6575
2463
4640
3188
5652
2164
6839
4454
1555
8094
6456
9712
7392
569
4784
331
2831
5327
9006
2352
4838
7315
472
6713
1582
5955
6318
3258
5286
4775
786
7973
674
7001
6493
1485
2709
6577
9445
4626
6936
8991
5029
8935
3460
9268
3430
114
1767
4043
1922
7596
8548
8946
8433
9277
1000
8776
9170
5920
7254
7735
417
2795
2699
2815
2082
5432
5800
6905
798
3766
5961
6083
7070
9947
2655
9030
6429
9304
3468
3559
5915
4519
795
3157
6624
5906
7415
932
1120
9342
6218
5184
1625
1778
7355
1735
4804
8007
3302
8035
7037
2290
7618
2901
5331
4274
6990
5614
8336
5471
774
1342
1939
4146
7902
2423
5007
3500
1427
6327
4749
5067
1700
8326
8586
8538
3279
9031
4975
9221
2285
494
5763
341
4983
1345
5005
4756
575
1047
7395
2803
7809
9933
644
5584
7300
8795
3761
2069
3508
8470
4822
9678
5283
1935
9969
4048
5449
7159
5540
6240
806
895
3586
9659
6617
2805
3404
6668
4888
7742
3689
238
1662
6013
5804
2758
2556
3243
6784
4906
9787
8763
5866
7074
248
707
3910
6679
2809
5162
2845
7657
2078
149
7601
8583
2856
813
2370
3529
8128
3292
3312
328
8005
300
4074
8910
8894
5737
5806
1163
4315
7598
8132
17
4220
6064
2210
6132
2353
2055
2346
3818
4973
1771
4877
6419
2781
8718
3939
6710
2166
6704
3757
8689
3619
6098
9533
1180
5930
173
7092
9435
5247
4848
3861
5251
5539
2424
1507
7670
3010
412
9005
1107
4894
9922
3801
4364
5320
1504
74
6501
6293
3491
1233
9068
7917
3709
3220
1136
2999
5899
7493
392
1298
7248
1497
2610
8278
3578
9114
7189
8351
931
8851
1886
8309
1875
8230
7138
9256
3993
482
2670
486
4193
2104
7332
222
992
5181
1557
1917
4170
4031
4792
4415
9813
8806
1398
4380
848
3461
6029
9770
8190
7052
607
3274
6428
3911
6759
1881
5927
6443
6622
5198
5051
8050
4513
2690
4594
4210
7149
7610
5091
3545
3867
757
2865
2995
9356
9935
7124
1788
6062
8160
8451
9562
3053
7483
7168
1975
4225
9510
5740
7397
7632
6048
2475
4296
682
7093
6125
7128
9925
3013
1153
6886
6188
8440
2317
9519
8420
4673
8465
7593
4548
7035
366
3179
2769
8425
3978
2663
5028
513
2981
2218
1515
2264
9803
6756
4367
6802
5687
6891
8041
6110
4334
4128
7007
3303
5832
7862
2744
3561
1782
5852
5226
4758
5106
1093
1697
2404
8303
6324
6676
4293
6972
6828
8982
411
3079
2926
5770
6368
1248
1842
2358
8912
8246
3113
8842
8026
7818
6838
7572
4924
7963
5072
5624
2624
9934
3849
5541
8400
3836
9298
6916
9013
1805
7969
268
6930
4766
958
7647
4112
7846
5128
7247
4139
2246
3572
2436
6873
6664
6244
6541
6753
6445
7511
5714
9446
1950
9299
8074
4069
491
7320
4806
8772
4911
6996
2158
6716
9715
3331
2396
6357
2203
8646
5468
280
1874
7330
2429
388
6706
8212
1069
6539
436
1932
2328
5516
1244
4027
1941
9609
24
13
7655
2350
3934
7815
6389
3906
9806
4867
2726
955
8828
1642
5120
7004
2893
4452
4055
3099
8015
4502
6747
8962
5221
8995
5305
4252
8382
3007
7435
9349
8696
2753
2679
3736
5406
6922
5271
4622
471
3108
5990
573
4503
6849
2533
8201
4980
7066
4908
2385
2398
1719
7447
5666
278
1646
5601
9354
776
6477
9054
3791
5275
9521
1114
4523
6344
9074
3525
2609
5280
6118
4499
3092
6646
4309
5194
4483
8558
8353
3726
7494
4071
4140
5289
7264
9820
1006
4088
5035
1446
2597
2911
4996
5312
432
7556
393
3810
9608
661
1921
6548
8491
3497
5436
3324
5752
2199
6708
1687
3472
9906
9654
9857
8151
8405
3848
4598
130
1288
4338
8388
7011
7077
8947
3136
5638
2982
8347
2589
3641
6339
5935
1562
8667
7130
8869
4356
4382
9622
4013
4778
6763
673
1004
1794
4100
9362
6087
1584
4433
597
4332
8990
5713
1978
3021
6717
14
8536
6046
4882
5381
9020
6346
1147
902
5575
7098
9192
4122
4902
166
489
2368
2616
8489
4731
7170
8833
4011
8372
6304
9971
9288
361
8134
437
2528
12
943
6837
7370
9499
8570
927
6824
3041
8931
6193
9002
6570
7127
4898
4816
4730
4915
951
5956
3262
7504
1287
3197
2369
2562
9092
1656
3973
8270
8523
2651
5812
9027
2827
3790
1610
5841
1409
4733
2241
7645
1046
614
4575
7323
8614
2955
7844
3608
3170
4529
7432
6331
293
6940
8987
8509
5062
2842
5896
370
6297
4725
4214
2953
3239
7514
8819
9539
2763
892
1380
3291
9101
8500
3920
7161
6950
2707
3241
8897
413
2780
7796
8236
5096
3027
4233
3452
6145
4690
4209
9707
2383
5050
2983
521
5894
6401
5964
9238
2060
1058
3130
8242
1770
2258
7151
3606
3287
2797
87
1475
8429
3240
4153
2538
1607
7926
4022
6929
7464
2255
3674
3495
3871
7577
169
9817
2474
1996
9739
9458
7597
9847
2209
3800
4868
7646
6412
843
2814
9727
2142
5452
8202
4592
4961
6255
3011
7325
7738
9884
2185
2450
1238
7078
7227
235
8101
1532
215
374
5314
4596
3310
4738
463
122
85
5472
6063
3078
8605
8199
6140
9845
4537
1570
451
3409
8478
8175
22
8271
5537
5197
164
2444
1339
539
2491
827
2064
5697
1458
4921
8760
1729
9384
9318
718
4566
4201
8546
3054
2108
4504
2213
9723
6151
5158
6444
9012
9784
1942
1395
7437
8594
9246
2160
2047
8120
8034
1916
254
581
4365
9168
4798
1810
6263
1604
9973
8256
7602
881
8895
3883
9339
5897
8816
6951
9083
8730
7869
2595
9848
9415
6008
7663
3057
5742
5037
2338
389
5553
9940
6800
9686
924
9968
726
2789
8909
3228
5393
3023
1847
1480
8339
9691
3211
2159
4771
1383
5473
4473
626
3795
7456
396
5901
2007
5675
3456
2153
6195
8638
5131
7924
7409
2266
2819
4896
7857
9762
3681
4678
2144
903
1495
6060
28
8906
5422
8736
7031
4304
3556
9202
2921
8781
3931
2732
8169
1898
4870
6699
9751
221
8209
3839
4373
7660
3807
1621
4874
7872
7828
9704
7833
6665
4471
4451
8363
7359
1061
1155
6020
5604
3627
8908
3739
6744
1072
639
9413
9197
6821
7676
5178
1050
5774
6149
5139
4721
624
4952
1580
3483
3890
2521
6632
8549
3377
5206
6793
9703
7296
7202
2035
837
6164
5488
1311
5427
7220
4260
1378
2272
6840
6852
8185
7253
8243
8328
675
1730
9885
7529
4303
752
1009
7669
6009
459
7402
2641
1826
9757
6158
4987
6947
4086
4751
6133
2448
9942
9112
3089
5559
2270
1154
994
6586
6137
1595
8162
9136
9281
909
8904
1849
7820
8071
9927
9752
2432
1484
7561
2857
2693
989
2148
8486
4788
4826
8118
7030
531
3538
2849
7855
4890
2694
5926
773
5335
6695
510
270
4037
8220
5741
1668
4679
4137
4029
4150
1540
410
4228
8715
2427
8458
4602
4462
2101
1640
702
2419
5595
4163
7171
9990
2074
7421
3165
6012
1538
2479
5065
2113
2363
5865
1408
8525
6395
8082
5722
2621
7304
6714
6866
6502
5492
9718
253
8341
2705
3626
9623
5459
9026
719
1576
7627
2359
101
4057
3275
5317
664
8532
6880
9504
9576
3344
2969
9367
2191
2898
8810
469
244
9475
6227
305
577
1387
5635
3236
6968
5957
4735
6370
975
6816
3884
1940
3700
8883
1481
454
5260
4630
5633
4447
7978
3230
5963
8233
76
4564
3553
5429
672
685
1052
134
7933
8277
1065
4484
7887
9010
2319
7238
4936
4746
2936
867
2136
6796
3318
3741
8582
230
2574
2604
6484
3644
6605
9045
7754
8535
7638
8783
8506
3154
461
9241
1548
8173
7250
4716
1728
1452
7376
9646
1057
6424
9041
6915
7946
7699
8862
7446
3028
140
7997
1464
6073
1923
3016
6579
4318
1659
5835
3662
7292
584
5843
5491
9964
4284
9096
6182
3499
5264
39
7936
2727
3828
9453
9443
9340
9361
1937
2671
52
312
100
9191
5267
7272
6191
1076
8244
3793
8078
5149
8250
4613
1795
2187
2079
5177
6770
2539
2701
1023
8029
6332
605
8381
725
3784
7630
5216
5333
5755
838
4070
5428
655
9843
9028
4268
5100
6106
1478
8308
8893
4633
868
3050
770
1195
4173
3094
7974
4616
9769
4550
8045
8628
6544
2139
8057
4445
2972
7188
7608
8395
1936
4949
6404
9483
6712
4676
6446
2507
9135
1205
5384
8325
4617
9452
7686
4360
1037
570
7641
8852
8142
3385
7779
517
971
9269
7085
5290
1999
511
6458
9895
1297
200
3699
3564
4845
9433
4562
5826
590
2627
2838
7817
448
1488
4091
7117
7440
4586
3282
458
7468
3999
4988
1643
2658
1067
3387
1518
6072
1644
4954
3372
1477
574
1498
6267
8275
583
5480
9566
4283
6334
826
4053
8892
5209
7479
9023
3427
2749
576
9696
3522
8373
5400
2891
5339
9177
5576
1726
7386
8648
7173
6785
1516
1466
8468
7284
7425
9004
6635
8571
63
8379
7054
2286
5214
41
1889
7312
9649
8304
1070
2390
3106
4348
6303
3103
3963
8649
3913
4854
3288
3908
5031
7777
8455
6423
1756
3122
7403
7162
3540
3156
2149
345
2330
5036
5123
2762
9621
4793
414
9134
3341
8161
1946
5994
7090
7542
8603
6036
4660
5560
761
526
308
846
1318
1601
423
1620
5382
38
2941
7931
3182
9131
7668
8272
7349
2114
2505
8554
4062
519
1276
2334
2807
9837
6211
3819
3346
884
2860
3759
269
5478
736
3580
5544
3734
6394
8818
9824
7310
5823
8824
6026
5792
3235
1186
6001
3604
8070
1762
279
3148
3588
9974
7937
3206
6503
1137
2546
1077
9977
622
498
6465
1963
8312
7057
7181
9387
2523
5600
4017
4099
4708
9128
1665
7712
7380
1988
9506
9451
7112
4541
512
1350
8566
2229
2770
7881
8147
1802
1857
4326
6497
1531
7303
746
5621
3594
106
4295
2668
7502
113
5995
4423
8255
6933
3798
2393
8868
8968
9105
6937
4010
9542
2260
3439
1414
7111
2951
4579
7233
7006
7222
2431
6433
2644
36
8322
7574
934
7109
7841
6927
4254
1081
586
3001
1407
5715
2004
2617
72
2049
9905
7590
5509
2
3725
1855
7002
6159
8421
3173
9838
7049
9937
2863
9926
3602
6302
5357
2818
2764
8059
7776
7761
6623
3017
2816
2698
6733
5056
7692
8430
2324
9230
9999
8966
4880
4056
3435
2259
3880
2354
6798
3847
7723
5736
8958
6754
9725
1103
3630
395
6673
3834
88
8623
325
6682
354
5318
9075
3293
9124
1275
3970
2174
4162
6417
6530
8338
6810
760
3562
8448
7360
2208
7058
8601
8556
2411
689
8871
5263
9577
6546
1694
5758
2686
7219
2949
7466
9590
5341
7461
953
9957
3161
600
2141
9144
9638
1235
9052
7450
2829
4527
3441
1431
8156
6794
772
5294
3411
1439
6053
1678
9363
8018
1733
7538
2980
8258
8541
4015
3494
7226
6371
3254
1554
4340
4443
9722
8773
4136
6434
1025
6780
3367
7582
3959
3563
1182
4408
2097
2372
294
7800
4700
6855
6948
7812
2122
4811
2056
6479
7223
579
142
6272
3623
2342
1357
9887
8588
3554
1279
4978
6580
4165
2381
5282
1513
1271
7060
800
7890
5203
3669
9709
9395
4412
6728
6743
8856
3640
3246
825
8834
3718
8
1135
8441
936
6748
3049
3252
5011
3953
5102
1563
619
6738
2197
1201
4343
3090
7516
5082
7985
8887
2014
9746
227
4803
1308
7150
7558
5659
5563
5220
2601
4900
5811
728
7340
9821
4712
809
5565
5397
6170
8678
3742
9697
8115
2031
7043
2253
112
9062
4644
3474
7347
5542
7239
3071
2394
4492
6088
9915
7000
7982
4211
928
8666
5813
4246
5099
2771
2801
1221
6985
8428
9353
5055
1125
5361
7834
1122
5060
986
6705
7506
2756
9754
2869
3515
4104
1129
184
3706
7460
996
2456
3110
9829
7081
1443
8445
6108
5193
51
4235
102
274
8724
5610
9067
908
8374
7489
2783
9663
9661
462
1301
2036
357
4132
3713
5948
5627
4794
4706
7198
1416
9457
8137
2496
7695
5574
1539
7354
4852
5022
771
9071
591
1836
4076
8293
9522
6666
5642
3921
4142
5143
6844
1586
3167
5694
7488
7956
2502
7417
6945
5941
2076
1705
6977
8921
710
9526
9873
1102
6545
4273
737
646
6628
7958
2111
970
6688
3676
9420
2638
8317
506
6925
5892
3994
6316
6762
3936
6274
7079
720
4728
5254
4399
5772
4394
4496
2720
4611
6871
8055
7474
5278
8423
941
7919
3753
108
2243
2048
9142
6374
4352
2925
9551
1820
9764
2054
7345
5409
6431
4008
2883
9398
1846
1255
6364
1681
7801
6696
4196
7406
1097
2643
8279
3956
2611
5196
7789
7172
68
8453
4671
8257
6212
2239
5989
2469
6210
7741
5213
5789
1536
7103
6271
5270
7531
5569
3207
9819
7152
6453
265
6535
1819
3475
6298
6767
2030
2768
4097
6817
5309
2157
2374
6598
5977
3705
7522
1912
7629
6963
5922
1019
9550
6799
8616
3305
3378
9520
8239
8664
8171
643
1701
4182
2482
4329
47
7702
5904
7671
6627
2569
7827
9064
6089
6308
3654
2382
3745
3043
2958
3317
6420
2757
2003
8180
998
170
1133
5645
2584
4167
5370
5936
9553
5133
136
9132
964
6509
1003
5547
9303
1160
1616
8422
1962
416
9465
6653
8143
2323
1629
7484
6030
5911
7925
1013
1036
9537
9094
4436
1063
9331
7606
748
6103
7339
9869
8043
816
6769
2024
4947
3962
402
8460
9615
8775
6292
19
1893
9700
2748
3598
5566
8759
666
8260
2992
8732
7160
8461
2364
8821
6500
5147
6562
1721
5738
4972
6826
2305
45
3347
7470
2966
3727
7555
3250
8589
3399
4711
485
5654
4683
9578
6943
6783
9032
2794
4289
6116
3897
7552
4824
2300
6564
1780
6750
4191
4604
7727
8964
7895
3492
3770
8079
1426
2265
307
7528
4799
368
9224
7362
7916
7361
4030
5347
6128
6851
1132
3467
5644
5917
9121
874
8452
3176
2912
5794
6734
905
3616
1325
3597
5873
8497
8019
4881
8994
1429
6895
6966
7517
9424
5027
2043
470
338
857
6684
3129
2162
9952
5667
7615
4383
1284
2915
1214
1355
5288
3642
6825
1187
8348
1858
8762
5008
5188
157
693
2154
3137
8787
5026
7911
7441
4259
8442
4753
9528
9404
9389
8890
9195
4241
1919
8835
1354
6439
525
8823
6205
522
1683
6518
2536
9603
4187
2645
7113
1470
558
3678
9800
9314
6976
1754
8944
1864
1717
8123
3643
4357
1713
1007
5773
520
447
9733
5423
3960
6409
5377
4085
4127
740
5969
4419
4255
845
1083
5489
538
8817
9222
9073
5849
4808
2125
192
3571
4512
5596
8002
4199
3447
9462
8647
8550
8249
3549
7102
1281
6390
6187
618
7107
8333
6808
5993
2204
5725
7182
9329
9744
3261
2996
6614
5046
1174
234
6923
5928
3349
6514
3781
9346
6751
647
6294
7094
5454
322
5284
974
6667
5402
5534
5708
6381
7560
3812
8789
2495
1294
1411
9938
4094
4154
9597
536
6975
3421
8986
8791
804
1224
4864
75
6459
199
6511
3898
8697
9759
2138
4475
5077
7824
6965
2906
9594
9201
2376
9383
1960
152
2558
833
9167
3585
4306
2967
8961
698
9436
8194
7753
1569
7336
9702
9931
1596
6634
4429
1976
9771
6069
5945
9827
347
7893
1033
4734
7988
4595
4339
8753
5442
8684
9505
6084
8167
3093
1854
7594
3975
1039
5119
1456
5860
5733
1316
5470
7901
3213
5174
3116
988
1441
6589
2062
4736
3888
7232
3489
1329
3665
2773
9954
2029
3659
2273
4783
2888
7379
2487
1714
6358
9579
8573
717
3416
5084
1273
3033
7609
1246
8712
670
4507
8607
5094
9284
1384
4942
2632
34
744
1444
7999
9625
8973
2052
8737
1403
3420
6167
2519
9552
224
1630
6775
1415
7979
264
8109
3983
8076
5018
2843
2590
6328
3952
7856
2513
6482
7785
2280
5322
8815
340
8127
2628
7205
4866
8408
6542
9376
1179
2733
9599
3442
9069
6481
7306
7934
2284
2296
3429
4635
1537
3624
5931
8681
2576
9308
5756
5033
2294
2067
3876
634
4786
9695
9408
3181
9099
3631
8680
5379
2268
8557
9558
6232
2452
8182
1627
6181
8494
4647
3982
734
7932
9480
1673
4774
9008
5609
9840
9524
3352
8315
6978
7527
3650
4573
8296
3926
9371
4479
5991
9902
7908
490
6813
4658
5943
1947
603
4370
9441
375
8709
5362
6761
4941
8214
30
4661
3334
8585
6047
50
7614
5745
5554
4982
5392
9538
3083
1493
5872
983
4431
2150
659
6112
6974
6725
6010
4755
3105
8593
3881
891
5045
8936
4701
3074
6881
8579
9743
1760
7968
5686
5594
7658
3948
6804
5287
6474
6600
7793
8399
8107
5155
5186
9138
9812
9853
5229
2233
4322
3817
4328
8957
4442
1032
6581
1718
4314
5175
4862
637
7324
4236
5211
6701
9699
969
7148
2975
1676
8758
9780
9976
2386
1471
8792
3343
7581
5775
6377
8139
1753
478
7774
8053
2596
2234
5183
9306
4875
8531
1165
9216
7980
2057
6669
3296
292
9033
8560
8457
9652
2740
8735
7701
9783
8229
5292
4185
7726
5555
1526
6540
7471
2088
4143
3419
2219
633
6156
5647
8631
3150
3389
8241
6949
8482
9886
6351
7851
5684
6900
5821
1138
4145
3464
2245
3511
6537
2179
3401
1370
8519
615
2293
9437
4131
2677
1423
2509
4299
864
9102
9267
5425
6176
9164
1852
9467
8774
2331
8290
5431
3755
4385
3462
9531
4416
3048
4164
6941
2274
690
8797
2337
4993
6870
8334
1126
4651
6626
2367
9350
6709
8632
9471
5791
7454
1657
2964
2684
6919
3637
5890
7661
5950
2028
1413
616
9155
3925
4717
9381
8502
1322
7537
1632
3687
4834
4551
4698
1158
3832
2135
7132
6516
7273
3697
2389
872
8001
5115
6022
1455
7047
6233
6165
6896
9049
8840
4354
7721
7580
8705
1736
2116
9988
738
6475
3065
9496
1044
6892
4878
7930
4508
7451
2240
1289
4158
460
1774
6507
3590
7845
5042
7573
1592
6262
117
8703
314
1506
4966
1008
3971
6398
9017
4116
3708
6967
6774
8106
3969
3827
9548
1879
1321
8742
2131
2332
4051
3873
3434
6791
3528
6690
5141
3633
9959
8788
1199
3423
9500
3038
8090
2000
6835
1773
5020
3509
9313
5157
6081
2555
6155
9460
6643
2876
796
5105
2002
9862
3526
7255
8881
7204
3091
8699
6152
4213
6396
3543
430
5015
1285
8665
6251
4665
5807
1324
7623
8434
704
7728
2639
7385
8319
7203
6920
339
9474
2700
5132
5218
1545
7243
1453
5300
8927
5389
7523
7210
4007
6200
4509
4681
8358
9365
3646
16
8153
1421
6698
7792
5885
8930
9607
3398
2384
7520
6095
124
1262
1171
3180
9286
8235
9235
4316
385
4247
382
7207
9775
5493
369
1017
487
9274
5717
103
4994
7920
420
8825
8226
5723
9341
3721
342
4404
5681
9423
2902
4748
1213
8950
5219
182
4490
1001
6778
856
9643
5856
2661
7295
648
5512
1769
8521
1011
793
7557
8761
2009
4227
7123
7992
4645
9223
8088
888
9411
4308
8131
8200
6391
6528
3950
2680
5285
1389
4638
3877
4543
7907
4446
8610
9427
3639
4351
4505
1699
353
6035
7209
9490
2688
2303
6662
5207
3060
743
3245
7462
4737
9372
7744
1226
2696
9962
5726
7653
765
2295
9282
5799
9546
7322
273
3701
2288
6736
5098
3077
6469
1967
4239
4194
1449
7075
6694
9616
636
9834
2581
859
6869
5461
3309
2012
5658
4603
1282
6050
7512
2193
1611
1868
9097
8847
6559
956
9740
4077
9391
8748
2943
3172
6348
2508
7059
3012
7981
206
2657
9007
1900
4257
7746
4744
8389
6924
7813
3095
6160
1073
8213
2929
6971
3682
3814
7434
3513
7279
2109
9530
7365
135
8443
6872
3496
4589
7583
9693
8989
6732
2633
3792
668
3370
1949
9534
6329
7867
8228
9893
2782
3443
4857
8829
9540
8860
9488
2812
6209
942
6490
5234
1232
8217
1499
1283
5970
6174
3756
9143
3135
5057
249
4703
6286
7465
3375
9412
4955
6584
1897
7550
2134
4138
2759
7711
5939
6489
8291
2128
8802
391
3601
5846
6231
4653
351
107
6700
419
5483
3806
5682
5761
2357
2961
1910
8807
9253
9056
9801
9910
4662
8390
7717
3550
3214
5166
256
8859
7910
8568
1809
8273
7681
7326
5486
7913
4986
4528
4270
2594
4873
97
65
6833
2022
8948
6104
7343
89
3232
5657
9960
9852
6452
2715
9694
9645
7212
5054
5256
4405
3158
5825
9057
3196
1309
1547
9103
5882
1343
1763
6111
9199
8067
5136
8197
3203
4914
4763
8141
2261
3480
6857
3080
2547
4024
8163
162
8119
3248
2897
1544
5886
4533
4670
6340
8186
4919
2027
9565
1170
9850
405
9100
8769
3932
7186
4327
4073
1751
187
8206
5824
4345
4544
7192
2605
7427
8951
9347
3789
6435
6485
7262
132
9000
549
9248
8251
6764
6841
5004
1268
8154
4997
3357
3966
9572
3760
1144
7478
397
6201
7955
5116
2582
3192
7297
6529
5984
4065
4038
4563
2817
5706
896
7565
3126
1888
6173
2132
3958
9556
2071
6115
9414
4745
3555
3914
4045
1245
1749
1840
7334
5217
7039
6495
948
2140
9677
3829
5233
7826
6894
8822
3337
3174
6202
3891
291
957
7874
2343
7864
4905
2032
8407
9568
5296
2279
3879
7236
6678
1016
2019
1660
8755
8979
3991
6189
1157
5134
9670
5925
2161
656
8590
9108
8545
7003
3909
128
5883
6789
2675
651
3444
445
8739
991
7709
2322
2858
2228
788
4847
8624
121
6437
3670
529
7697
7419
5670
7568
6908
7481
6742
3582
2380
8602
343
3796
8146
6171
1844
9710
4156
9804
7088
8959
8177
148
669
1118
1149
548
7947
7975
6836
4238
5780
8365
1583
9146
7230
6554
3032
5719
8069
5321
7836
1418
9571
4754
5258
5921
5784
4221
9034
4501
2877
9554
4190
7764
2778
2347
3856
2514
9502
7536
9470
9232
2957
9459
6991
6068
9799
5674
2835
2933
9344
8861
6384
1391
7458
2647
4742
2946
1430
4147
3776
6513
4776
7378
1520
4652
709
7436
4349
3592
3112
5463
6640
8104
1105
8415
4574
7249
9043
713
1095
6720
1203
1552
2520
8727
8651
5979
2418
181
945
4262
7457
810
3749
3271
4819
7258
8346
8023
8439
5863
5702
5586
4538
7611
1904
9352
6672
7129
9038
6597
9104
9626
6039
3984
7576
6884
7028
1241
7883
3140
2178
1559
7076
4469
8032
6186
6005
5730
5947
8391
8751
820
965
6547
5580
3369
8176
9476
8635
167
4253
5839
1434
2579
9966
5064
899
8435
8237
3306
2833
5902
237
1496
8469
4148
3458
1210
2704
6427
2365
5121
1887
879
873
620
9300
7775
7605
1371
6928
2212
7072
5626
6135
4558
6215
4379
1615
8796
1338
7546
6887
5092
9602
2978
9513
515
5819
4217
6276
7032
9217
8527
6607
1274
9117
830
4166
657
722
7772
9682
784
3527
3987
3679
5448
4396
7319
8686
8516
250
5980
2613
5165
1230
7760
935
598
501
9729
8866
3935
6094
4699
7430
2870
9772
1862
5224
203
679
3297
4632
3314
5727
3875
5268
7825
9328
6388
6633
3383
9309
5049
8804
1955
9785
9690
4159
1679
2313
9581
8116
2129
8627
8801
1598
217
1024
6912
7280
1258
3857
3655
4042
3263
4823
3400
8377
2786
3992
1850
3922
7637
2760
271
3465
2063
9482
5965
9311
8907
8464
1623
8361
7759
4312
2269
6508
479
2037
1664
6076
1197
2151
6226
9060
1278
2020
5125
6180
2413
201
7970
5416
9113
8980
3035
9901
3841
6543
3388
2446
8768
9377
6521
8424
425
6028
3825
9193
2549
4588
5983
6644
4739
4797
1433
3712
4974
6962
1021
9776
4612
8087
275
9337
453
8471
3368
290
9334
8537
7423
1599
8269
6506
7894
9386
4425
9846
4294
8670
8318
2910
4333
4897
6055
5012
2935
2868
9088
6260
2421
5662
1269
1045
1121
8073
1196
4620
6425
5199
1528
91
5598
8499
2730
1250
7526
8340
6252
247
427
5087
2447
2788
623
6512
5086
8636
1734
4359
5526
3985
1234
5942
6261
7281
4639
7013
7023
7048
6970
4168
2006
6959
4018
2497
1869
982
2123
71
5039
8683
4953
9900
8663
7989
729
5973
5833
401
1992
7943
7870
6649
6740
3980
1422
6157
8782
1340
5671
3063
3843
3426
2192
2779
3290
7762
7329
9561
1977
5242
5066
229
6454
7685
8844
3942
9035
1558
5721
3412
4250
4413
5692
1807
318
824
6310
2586
5699
6660
7707
2754
2137
2455
379
2774
6603
5246
832
2787
3229
7194
2871
5536
9369
9489
8248
4687
2329
218
6994
496
2414
6877
3072
8622
2971
4663
2236
2602
4727
8800
1208
1987
4855
8342
6019
7679
3198
6911
9150
1970
6127
9624
8682
2124
5916
3530
8135
630
7211
6284
9773
8903
5126
3635
257
3951
1034
9667
8299
714
8725
266
4765
2173
2053
7242
3424
2991
8574
1111
2340
8040
2824
1295
243
535
7710
3609
2907
8879
1674
7569
921
2566
1619
3361
6067
8393
8721
5462
8108
6099
6321
5801
703
6534
1406
5360
7371
1347
2065
950
6461
6525
4232
1259
1787
7328
4554
5562
7620
2676
4981
1358
8621
6942
6264
260
9943
2443
8896
6246
532
3233
7301
9227
5277
3265
1634
7599
1877
5328
9930
6399
849
9619
9291
6619
9076
4172
1549
3363
2198
6078
5245
2044
3972
1867
226
8215
6383
5919
6359
1373
8740
3838
1894
7163
7073
7714
8655
5239
7987
4488
8316
4064
4453
8284
8853
4648
9648
4560
2298
6333
2489
4
1614
1951
7501
9998
3353
446
5743
2180
2564
5386
5552
7769
9186
4759
4817
8446
7797
8060
3673
8413
6153
3651
4313
3647
9021
4272
5663
1390
9716
9243
4641
9211
2927
4061
7521
4675
7939
3684
3
2417
4267
8145
1117
9185
337
8031
6899
1909
9951
9120
9399
2216
5465
1968
8598
2948
1476
6203
7267
329
2572
58
2867
5161
9650
9330
456
7197
3040
4341
1428
4335
9442
9270
3082
197
4034
6117
5668
8166
7518
7348
1817
5679
4747
1943
6931
3055
1617
3445
4376
7983
4657
649
4937
2900
9793
6092
8314
5588
9633
4300
400
6350
7024
6023
9944
3146
582
7662
3143
9587
9370
7084
9375
9676
4395
1655
111
6070
6498
6814
5678
9278
4006
9711
5293
4553
5605
1374
7508
1509
5648
9920
9903
1841
7547
7344
3333
4206
7880
9053
96
3184
8576
3485
4674
5751
6862
6729
3885
8642
8645
2750
9249
8102
126
6850
3123
161
557
6727
7888
5581
4615
9240
5144
9911
6323
5766
617
3961
4581
5523
8375
3715
7177
6973
1628
4696
1853
546
8052
3142
7688
5043
6343
9779
4216
1695
7842
7476
5974
7696
6447
3772
7179
1041
9145
5212
5069
4781
7563
1838
8913
1637
9366
9169
4885
5167
3042
5655
6621
5388
2828
2105
2738
9592
8105
4465
7021
8496
4261
9326
298
5573
6677
421
3336
5433
8096
4718
8633
175
2263
5017
2177
9310
5907
8294
7733
9929
7915
4684
7616
3568
794
4032
2102
877
2719
5107
9262
1193
8042
174
1989
2299
2311
2486
3191
5190
4120
1613
3943
2755
5646
4685
5837
1527
344
9364
7069
5476
3621
8902
2379
9672
5297
3517
7038
1310
4773
2262
6997
1356
7153
920
8704
5869
6848
3162
288
5527
4258
5677
5532
4298
2410
5582
8978
6906
317
8205
7904
3769
3478
1323
3177
2716
7195
3988
3450
3859
8841
2415
9394
4078
9198
4764
5274
3440
7532
8752
7559
940
1626
4102
2362
8874
1239
542
5781
8437
1553
7217
1505
9087
3668
2600
885
4009
9379
9662
3413
7375
5324
7407
4636
4115
7473
5261
105
7118
442
9481
9058
27
2984
2094
3432
4682
3153
7245
2618
696
4407
9763
5348
808
9736
2247
4208
1891
7356
4346
9402
4063
5438
7575
3354
735
2706
9014
2885
9640
8136
6300
109
2494
749
7570
8865
5550
6071
1973
8701
1524
7621
3762
8504
5782
5346
3223
3308
1173
9327
6875
9786
7705
7495
2388
8385
376
1204
1402
5762
6642
6052
1525
9636
8179
6198
2998
7135
1711
287
2884
9234
1161
1878
2591
7799
7056
7613
6130
1758
207
2800
1031
7155
8888
5898
9612
2304
6320
6639
6964
8520
1690
3395
1265
8830
5834
2349
9213
1469
7145
755
9493
7734
5545
6148
9588
7838
1945
503
5535
8505
6807
911
7814
2401
1685
4836
3957
190
2316
3788
1296
9448
3247
211
6129
6290
9574
1337
9832
8192
55
7290
6325
3316
6865
7945
138
8878
6594
2839
8518
4510
196
8089
9425
3216
3414
2283
9949
2214
1911
4219
2291
5696
8507
8706
5790
9867
4135
3923
949
5152
3018
6858
4520
7588
1146
115
9098
7134
3977
1834
5364
2765
5484
2360
507
3098
5976
4926
926
1454
6121
5893
9418
3311
3397
1042
9958
4476
2250
9509
2061
3193
8392
1062
7126
8952
7848
8010
4752
1365
807
3459
8691
5204
362
2084
185
5044
9825
2939
5867
2483
914
6957
4922
1119
8517
5154
997
7444
2608
8207
3209
1808
2449
7731
9432
8472
7338
123
4460
9315
8659
9149
3566
4956
9637
6080
9082
8826
5249
3286
7525
3695
7246
3187
2743
5063
4098
9129
3359
8934
7850
3732
7948
473
2808
320
3101
2553
3750
7672
5500
7737
1913
8938
553
7208
5073
8252
7154
3264
5034
1908
9866
5698
3114
9163
6405
2167
811
4789
7218
2844
2119
8786
6219
4224
3724
3394
1108
8298
4944
1622
4285
4812
7788
7524
7374
1866
2026
2156
3747
6416
3648
5344
8254
3634
4992
5704
5159
3289
67
3949
5905
3660
9196
6812
7859
7765
5168
4762
1839
2126
8183
7986
86
9570
9095
7175
8745
7042
6378
3227
1561
7766
7046
883
5124
195
7087
1521
6533
2687
1152
1517
2537
8203
9512
524
1744
3064
8922
6273
4207
5514
5113
7346
684
3809
4516
1156
6259
5700
9816
4591
858
7228
6768
8671
4999
1038
4680
7099
1397
9805
1684
4368
9148
968
7953
4899
9242
9417
6573
4849
1315
1020
6777
1828
9336
476
7358
9189
5533
5352
1686
7165
4463
3431
6027
3249
8490
2529
5840
3454
4891
1712
9993
7125
9882
2356
2607
4374
9822
1991
947
3449
8528
326
4256
3996
3895
5507
3436
8836
962
3990
9778
9747
3504
2960
4871
768
1746
7889
6590
418
912
4401
7996
4761
6637
9798
4003
7873
814
8687
3716
1953
1332
3787
4372
5805
7213
5622
4046
7689
604
8750
9991
6362
8403
7740
5477
1106
8447
6061
8114
6018
5408
6161
3470
6341
6002
641
2541
3587
7878
78
267
467
7121
43
2731
5232
4522
5048
2420
4082
7012
3595
7798
9980
4402
365
4325
5269
5571
6921
3208
4291
1974
7221
4459
8100
1764
5150
3506
1143
9438
9176
9139
4155
1903
6143
4920
8307
592
8885
6932
2525
8726
2879
5170
304
8112
5777
2112
9888
333
8872
5625
9229
6079
5467
1299
9477
8695
612
9093
8113
3025
8728
7240
276
2904
8803
987
6515
4331
552
3690
2903
5253
9841
8943
2023
180
6999
4005
499
5590
2652
819
5918
6342
4506
5016
8637
3989
438
1184
3534
2223
6134
6119
6222
3051
8880
6296
4266
7794
1242
2729
9127
2277
6197
645
9720
2480
3541
2810
8793
7612
1377
7644
428
9181
6041
3579
1263
3034
3132
7607
5101
2146
8417
8849
4456
2070
3364
7193
9950
5966
2631
1219
890
9003
3379
6519
2746
9109
2344
6102
6953
9735
4549
9301
3328
8099
1490
8227
4482
1831
4695
2321
1128
5914
8049
6752
779
9390
2190
1851
3905
1352
358
1176
452
7029
1473
9485
9807
5200
2526
4740
7667
588
8016
5345
2534
9183
2895
4161
2837
4833
133
7795
4141
3786
1035
9761
6536
9511
840
9382
1641
73
5844
6724
141
9748
1305
315
8900
2637
8444
3482
4080
9393
5313
691
3059
4075
7438
9946
233
6903
1636
6585
2302
3070
1465
3166
2276
8459
3160
632
9874
3393
330
1799
3927
9397
8072
3955
3816
1087
9106
547
2512
8077
3022
7405
9865
1927
9272
7422
8085
4344
7314
7830
3575
8297
8281
5358
9455
4967
4179
4110
2606
4160
9844
1704
5291
9517
3088
6295
8688
3912
2471
7184
8196
9111
3717
202
9296
9559
9777
8216
7778
7994
2640
3315
4828
6338
4371
6737
2682
869
4841
801
5304
3945
465
4531
4310
8848
7631
3918
9620
2309
8565
9368
995
3260
7898
5933
802
9239
6449
1768
5445
5628
8843
6150
3702
8247
6549
8225
2563
1803
1015
7961
2724
4724
9294
9580
8054
1457
2580
8097
9859
1368
3886
7131
7231
6765
8462
2962
1376
2438
4984
9478
1731
4768
6224
9244
7096
5390
3202
6960
154
6907
6275
533
7952
6651
4965
4093
9194
853
212
9836
3329
8501
6162
7187
7995
4547
1959
7143
7852
3278
2603
5530
8511
5505
6109
1237
6683
2194
1775
5608
681
1648
9218
147
1231
5759
1085
3024
8068
5672
7206
5238
1202
6032
6691
9293
6995
8898
5802
5934
8524
5617
8122
9297
5182
4916
2325
3552
8698
4600
8289
2568
2172
9713
7802
6494
3782
9016
4907
8058
5690
4297
3087
4432
7061
8410
7990
7412
1790
3224
3775
732
7010
4237
5279
6017
3518
6831
5734
5548
3698
4757
6051
9766
3374
5827
9153
7654
8321
993
1606
367
2931
9768
7757
4023
251
3677
2484
9025
5746
8493
6587
3591
493
9753
7183
2503
4821
2669
7327
6306
4477
295
7625
9978
9107
7619
1253
6287
3151
5215
9422
7201
1292
9046
2855
4242
7497
9151
8870
9295
1364
4979
2282
5415
4245
1084
2171
282
2577
2478
8572
8013
8679
3428
9156
7251
5187
9214
6890
7429
7372
2468
6952
8837
880
3758
566
4491
5343
5836
7453
3940
1381
5205
7157
8993
6897
2256
1393
4969
629
7335
6568
8091
7763
9285
4629
6230
3009
4534
7751
6986
8976
1424
4392
1926
815
9066
5716
9219
7879
2434
8300
9051
6093
2561
7158
6366
6625
431
8584
7167
7929
7382
7351
7942
2532
3729
6457
9374
9152
8580
611
5797
5649
2336
1074
4090
5497
6299
3671
1410
6407
6408
9642
5338
7691
2585
2862
4414
1567
3145
3573
3486
99
1706
35
7899
9756
1716
7116
1089
9160
3752
2457
6426
4646
25
7469
2271
8996
8144
4133
9611
3929
9507
477
5937
2796
7298
5998
3183
1123
3542
6114
9119
3134
7666
262
8283
1581
715
7426
8749
2681
2560
1944
2932
4805
2945
4572
9255
2391
6958
1172
2408
2636
8454
3006
818
6247
2287
4939
7108
1832
9409
4366
4230
